0.1945383
0.3851875
0.1529867
0.4475128
0.2505523
0.5180719
0.380142
0.1724537
0.2476064
0.196176
0.3903757
0.1514254
0.2925763
0.5762741
0.1355845
0.4743765
0.1443489
0.4639921
0.2100309
0.3678059
0.1753259
0.1521341
0.1606533
0.2128296
0.158845
0.4429769
0.1346764
0.2669687
0.2757798
0.126834
0.1511986
0.1992467
0.1383108
0.149791
0.1819321
0.1278375
0.2739067
0.183994
0.1200864
0.1175535
0.1666854
0.3877399
0.1791071
0.2741669
0.6352985
0.2723325
0.3360551
0.4707982
0.09857705
0.2537184
0.3156982
0.07237163
0.2847304
0.07595749
0.05864026
0.2334046
0.3876856
0.2753304
0.09901927
0.4532106
0.4696591
0.2084516
0.1142211
0.1396431
1.079805
0.3474914
0.07650935
0.1263235
0.1858643
0.1905211
0.1789678
0.1778485
0.1706081
0.3147535
0.2819234
0.1424708
0.4696848
0.1528346
0.2235168
0.1138729
0.2484223
0.07897712
0.260246
0.3779
0.09185672
0.06078602
0.1986122
0.1465803
0.2559506
0.4345349
0.2987798
0.1241472
0.1725755
0.1447053
0.2009804
0.1752018
0.1350055
0.3162027
0.8504428
0.1010833
0.240414
0.0851636
0.7340519
0.4532321
0.3091663
0.2350583
0.1198495
0.1030513
0.1217724
0.1412784
0.2431781
0.2005957
0.1223465
0.1575234
0.3868651
0.3858645
0.1104643
0.2273467
0.0932569
0.1142119
0.242138
0.3236323
0.09382636
0.3162131
0.1545691
0.1539316
0.1924606
0.1489324
0.06654601
0.1563104
0.1544643
0.1760343
0.3263002
0.2636938
0.2749406
0.1296515
0.2172418
0.1135517
0.1540153
0.6468034
0.1272136
0.4076676
0.1592392
0.2117543
0.1236987
0.3709897
0.3446651
0.1546516
0.07033754
0.1832119
0.3768899
0.2031661
0.2042711
0.22401
0.4187639
0.2012797
0.4282143
0.1609249
0.2291162
0.2141011
0.2580441
0.05064181
0.3405056
0.2084547
0.06173603
0.1801641
0.1407716
0.1730369
0.1051876
0.2391883
0.1137998
0.1294414
0.1390957
0.06214363
0.4818787
0.5584247
0.1677912
0.1759367
0.09441907
0.1745881
0.3353292
0.08036873
0.0953044
0.1918023
0.5972502
0.1424181
0.1322741
0.1803465
0.2258229
0.2640376
0.3499604
0.5422812
0.3825929
0.1504156
0.3166017
0.5924946
0.2900236
0.6824905
0.1683453
0.9087358
0.1561744
0.3980096
0.280735
0.1287406
0.1751025
0.193524
0.07703502
0.7105573
0.2002108
0.1047036
0.2171965
0.5840122
0.1496369
0.2311167
0.6455378
0.1143722
0.4063977
0.1052798
0.2361242
0.1849282
0.304881
0.1229502
0.1198889
0.4688633
0.2307267
0.3517528
0.1589462
0.4596838
0.1916687
0.3033987
0.1871795
0.2003298
0.6946877
0.3109286
0.1011965
0.3644648
0.1647747
0.3270621
0.1168249
0.3178914
0.1417715
0.3626142
0.1684673
0.08032496
0.1230008
0.2654288
0.3698823
0.7843918
0.2292898
0.6038854
0.1833292
0.1078415
0.2546155
0.1155
0.2403734
0.1050191
0.1703995
0.290686
0.07873537
0.1065654
0.4103539
0.5509561
0.1878416
0.1254193
0.175821
0.2662639
0.19662
0.1523424
0.2643745
0.2426508
0.1493989
0.1934397
0.2037046
0.2088788
0.2845796
0.1298765
0.105635
0.4616359
0.3338181
0.1500345
0.1871765
0.6359825
0.1050636
0.1636013
0.2895514
0.1568166
0.2929255
0.1947381
0.3733966
0.5137058
0.2324372
0.263158
0.3071151
0.3872858
0.2960261
0.2002484
0.234121
0.1615445
0.286648
0.118883
