0.1230434
0.07866665
0.08350089
0.05110043
0.2841304
0.0735696
0.1144761
0.2054213
0.129765
0.2514675
0.08095991
0.5965477
0.06848669
0.1285384
0.1195847
0.1532717
0.1285547
0.06712958
0.3732419
0.1388156
0.08144092
0.24915
0.07792742
0.1028902
0.227734
0.04541134
0.100837
0.0730522
0.1051823
0.7093889
0.1333249
0.07008746
0.236706
0.102878
0.03759244
0.694566
0.2008007
0.1449828
0.06456568
0.2395657
0.08969578
0.04994066
0.06834008
0.9206777
0.0858184
0.05834721
0.05115912
0.1512506
0.0469998
0.09704504
0.2289872
0.1736045
0.07809793
0.9762556
0.1240207
0.05418765
0.07098441
0.4077634
0.1229848
0.1052766
0.1320232
0.1738037
0.0985393
0.123126
0.1436841
0.09284026
0.1536295
0.08148174
0.3070433
0.3133284
0.1033014
0.08747858
0.2195995
0.1896469
0.1976538
0.1819368
0.2143777
0.0689422
0.1504461
0.1130525
0.2044462
0.09645729
0.2248701
0.158868
0.05306841
0.2218468
0.1290878
0.09381974
0.2704208
0.2013631
0.1432574
0.1202659
0.04834337
0.1435057
0.2165636
0.1254708
0.1469047
0.0848851
0.1147126
0.1474594
0.1065784
0.07145054
0.05874819
0.2104213
0.05263916
0.2205595
0.1418806
0.06272944
0.07743743
0.1415402
0.1644701
0.09170254
0.04532129
0.1325395
0.1011869
0.1385905
0.0711819
0.08436593
0.127861
0.1399636
0.1122622
0.1027093
0.1563429
0.2253584
0.06740772
0.1380399
0.1298306
0.07845464
0.228327
0.05865368
0.1868033
0.1479879
0.07436602
0.1723952
0.2579767
0.09945951
0.2098861
0.05625785
0.05486552
0.06344658
0.9103749
0.1544331
0.07361176
0.3056233
0.557544
0.05267063
0.1220995
0.1769304
0.1309846
0.06980537
0.1888683
0.2152085
1.554763
0.07686741
0.1716917
0.06793472
0.1961274
0.1607254
0.1713454
0.1168018
0.09140245
0.2147285
0.1406189
0.09770045
0.06290511
0.3276752
0.07033908
0.587954
0.158992
0.1141576
0.1188842
0.05081659
0.2924863
0.06209037
0.2602861
0.1768029
0.07023232
0.1138471
0.08860106
0.07170773
0.264753
0.1173854
0.2044994
0.08301368
0.1070529
0.1272571
0.2330807
0.1211295
0.142483
0.2651292
0.05483765
0.07428842
0.2969195
0.2869565
0.2056721
0.1047098
0.2509236
0.09870167
0.1007333
0.1940373
0.1458436
0.1198159
0.120671
0.4057125
0.06771051
0.05678203
0.1219725
0.07952322
0.1921778
0.07058199
0.09566269
0.0788183
0.1971353
0.1640507
0.1214955
0.230634
0.1257463
0.05698774
0.1853864
0.1004491
0.1375654
0.09132159
0.2036622
0.05477851
0.1055025
0.2014333
0.04778363
0.1741697
0.2060029
0.1147013
0.1259383
0.2611697
0.03157109
0.1613461
0.06966231
0.1147174
0.1825613
0.1407633
0.08197876
0.3790518
0.09012852
0.1361491
0.09904565
0.06852053
0.1407604
0.9053643
0.1634554
0.08148721
0.1750117
0.1050199
0.3240523
0.1119163
0.1207861
0.2058652
0.1829395
0.159761
0.4733728
0.7212005
0.1258582
0.4091016
0.2415177
0.0605814
0.03539441
0.1777383
0.1237588
0.07555528
0.159878
0.1260676
0.1299209
0.05304478
0.08332648
0.6078796
0.7766358
0.1113464
0.07434732
0.07449005
0.2827907
0.10897
0.0811473
0.1639314
0.1229204
0.2111751
0.0816794
0.1217698
0.1503318
0.2915445
0.05027056
0.2461242
0.1059994
0.08917481
0.1053209
0.1477823
0.05959101
0.2503409
0.09550293
0.1698089
0.1066893
0.07021385
0.270663
0.5260553
