0.08974673
0.1989807
0.2221344
0.1068965
0.1198336
0.05732778
0.2691186
0.1186191
0.7475107
0.1730034
0.2549078
0.1059556
0.1374828
0.09466689
0.1676549
0.2621066
0.2354815
0.3832375
0.1587038
0.2393092
0.1844646
0.08094074
0.1429464
0.07957782
0.1664704
0.1184407
0.1224977
0.2724051
0.857684
0.3549602
0.05400427
0.07786661
0.08505305
0.1532587
0.1536423
0.2562424
0.1237381
0.1908777
0.1536254
0.6114827
0.6687276
0.1532179
0.2770314
0.3078517
0.1754961
0.2620158
0.1065838
0.1665591
0.08916303
0.3244425
0.158993
0.3921821
0.09769408
0.2945728
0.1092119
0.09901917
0.128542
0.2597904
0.1035838
0.1927165
0.4888903
0.126482
0.2531673
0.5982748
0.2157447
0.0550761
0.2296902
0.4818232
0.4763025
0.3318073
0.2895712
0.2697293
0.2602623
0.1636692
0.6615259
0.2522064
0.2142745
0.2460604
0.2293188
0.119247
0.3209727
0.0964294
0.1455687
0.1743302
0.3341168
0.100731
0.5005876
0.2185002
0.1681011
0.2252989
0.2692821
0.1664379
0.8285573
0.3641821
0.1090737
0.1492361
0.08953157
0.3396913
0.2417606
0.3032525
0.1583889
0.1654727
0.2607267
0.2358812
0.1619018
0.2977272
0.2089387
0.3104269
0.19851
0.1353497
0.1407992
0.1815054
0.2695476
0.1294691
0.4598418
0.1112311
0.1902419
0.06098935
0.4155752
0.1807984
0.2061145
0.1042759
0.1728876
0.2645505
0.1502104
0.2403168
0.1422325
0.3304816
0.1458563
0.2241121
0.3505268
0.2249972
0.1703121
0.2256745
0.1491035
0.6976636
0.3261273
0.2244062
0.1296709
0.3925073
0.1187366
0.100578
0.3230354
0.05568706
0.1042731
0.2565745
0.1314251
0.07045969
0.4085716
0.2469249
0.2411791
0.2150622
0.301181
0.09416949
0.1669373
0.3124786
0.2323826
0.165901
0.4896324
0.1591179
0.2517755
0.1058209
0.1350212
0.2227579
0.1681899
0.5620322
0.1621245
0.1861885
0.1092334
0.05532732
0.3007939
0.3931878
0.8545259
0.08469312
0.1226455
0.2014971
0.5618484
0.3648104
0.1977862
0.5881797
0.244704
0.1205056
0.3854131
0.5340778
0.2042533
0.3444716
0.2347222
0.1071369
0.08622367
0.214105
0.1362052
0.1306427
0.5499517
0.2332179
0.4425068
0.2071815
0.06026304
0.2658545
0.2008613
0.1215802
0.2870065
0.3659361
0.1537746
0.08216519
0.1849896
0.244145
0.1616208
0.2400045
0.8068072
0.1443112
0.07862986
0.672032
0.1163887
0.09404113
0.1726702
0.1078391
0.5548222
0.1956539
0.1113581
0.5346404
0.1784428
0.2047171
0.1047462
0.1806101
0.7126907
0.469765
0.1658954
0.2379321
0.1702779
0.1914326
0.1352285
0.2733488
0.2266348
0.2438543
0.6455076
0.2949996
0.7150412
0.3218892
0.6024057
0.2710608
0.09494906
0.07017167
0.2451275
0.1817715
0.2208084
0.2096188
0.218171
0.5909094
0.2738692
0.2045413
0.3394864
0.2508045
0.06355628
0.1740588
0.07317205
0.1777837
0.09824393
0.481215
0.1973034
0.1350182
0.1614298
0.1457724
0.4432162
0.1646475
0.1431288
0.3114277
0.1307425
0.2243765
0.5433712
0.08924681
0.168307
0.1170407
0.2100385
0.1652617
0.2551783
0.2360976
0.2003905
0.3743593
0.09276399
0.1717491
0.06610629
0.2926982
0.1411348
0.1545436
0.2396045
0.3994987
0.3267657
0.4265245
0.2910663
0.09376881
0.08171733
0.1802979
0.3650014
0.2792547
0.3204516
0.1046349
0.3449986
0.1422688
0.152549
0.2901176
