0.5304744
0.4216102
0.1358155
0.7768217
0.5322374
0.2645463
0.2055561
0.4457818
0.7219099
0.8111179
0.2641349
0.5808917
0.5684763
0.3647265
1.09451
0.3824619
0.815144
0.3540588
0.4240944
0.7080499
0.2768253
0.4302313
0.4813989
0.3340342
0.4510593
0.2959029
0.5087066
0.4917859
0.1365066
0.3711041
0.6369666
1.176214
0.7519438
0.191094
0.6117191
0.8117071
0.5972521
0.1969145
1.21022
0.3927023
0.2406693
0.2692885
1.245065
0.6577294
0.2504147
0.4621409
0.2331386
0.3818037
1.097856
0.34847
0.4031787
0.3598771
0.4199932
0.3086826
1.036807
0.7817549
0.5547256
0.8287264
0.4902375
0.3516043
0.1361466
0.2028319
1.086428
0.3158185
0.4323846
0.3364563
0.3943389
0.6183727
0.1827161
0.1069697
0.261896
0.3704185
0.5272302
0.3669682
1.669006
0.306288
0.3130253
0.53317
0.2473459
0.5228977
0.1144713
0.5114418
0.2005881
0.07913494
0.8435062
0.8421036
0.2716497
0.4260974
0.2818515
0.3343926
0.4424835
0.3388732
0.1996963
0.2505823
1.248777
0.4454818
0.2883267
0.3404246
0.5138123
0.6407463
0.3755613
0.5141244
0.1548199
0.1078339
0.5959812
0.2207565
0.2604483
0.6614336
0.4343932
0.6157932
0.2985238
0.7641498
0.7921156
0.5302562
0.6675154
0.3622286
0.399379
0.6551594
0.1019144
0.2289408
0.4220563
0.5678287
0.8170746
0.2349503
0.8159837
0.3039659
0.771707
0.7067836
0.4278051
0.8964754
0.6621737
0.72834
0.5020603
0.4594678
0.8205754
0.3161395
0.4488353
0.201088
1.150258
0.2749807
0.4647437
0.2468892
0.3129724
0.3844472
0.5115108
0.3245398
0.3001432
0.7253128
0.2464319
0.5303787
0.2331873
0.3053169
0.318115
0.2985137
0.6440144
0.252968
0.361472
0.7017883
0.5560123
0.2031294
0.5292811
0.3685665
0.3603051
0.2584103
0.7317598
0.4825639
0.6588545
0.7217621
0.4113492
0.4561186
0.9798849
0.333842
0.2567292
0.1823994
0.5152409
0.107936
0.2227576
0.2053152
0.5083456
0.2575952
0.4131108
0.8623204
0.2514964
0.2595032
0.1980838
0.414383
0.5341014
0.4146951
0.3013004
0.468237
0.6243309
1.85862
0.3281852
0.6749047
0.1554986
0.735854
0.9409096
0.4654548
0.7025457
0.1543754
0.6230417
0.2543283
0.2987018
0.6208848
0.178814
0.4469784
0.3149987
0.3003053
0.2171441
0.3445346
0.5928946
0.2351003
0.5433306
0.5229715
0.2003977
1.168728
0.4099851
0.332358
0.5329814
0.2440648
0.1117582
0.5895595
0.6768584
0.3430138
0.5077859
0.1534768
0.5825941
0.4729094
0.8174453
0.3839456
0.2594588
0.3306506
0.4296017
0.5061423
0.2707653
0.2788784
0.9229232
0.7091431
0.4856053
0.5942482
0.8436865
0.3437976
0.3216491
0.4410788
0.5413576
0.2679249
0.1558422
0.7282712
0.7116811
0.3482555
0.5013424
0.4236324
0.1863253
0.2755691
0.3098556
0.4783347
0.8099129
0.4635892
0.5945452
0.7061091
0.302483
0.2896846
0.6233453
0.5160382
0.747552
0.3617945
0.4260801
0.3816938
0.3566562
0.350106
1.08629
0.8007678
0.1730084
0.5991034
0.1730517
0.3398141
0.3013299
0.3921868
0.8185173
0.2519659
0.3824844
0.4047812
0.8264538
0.3279813
0.1895729
0.7286887
0.3393864
0.4540693
0.5685504
0.4889528
0.6268439
0.3098314
0.2511553
0.3515335
0.4335816
0.7957896
0.1040372
0.4688846
0.2492591
0.2792989
