0.1469581
0.08600855
0.09677485
0.3198612
0.6661372
0.1028109
0.1206858
0.1780334
0.09601783
0.09392223
0.06134507
0.3336673
0.1013423
0.1009923
0.1164081
0.2243831
0.1276369
0.1300215
0.08138503
0.05134319
0.09590661
0.1629127
0.1772357
0.2219106
0.06334696
0.05992572
0.2571709
0.2661337
0.2887962
0.06640069
0.1826408
0.06666608
0.05986768
0.1408863
0.1041229
0.1146633
0.5908908
0.1054066
0.1510229
0.09393985
0.03279157
0.2398984
0.1751426
0.1209922
0.07185482
0.1513308
0.08390013
0.2244381
0.1657698
0.250424
0.0750947
0.08161517
0.5830562
0.07724559
0.3581522
0.1426474
0.1202184
0.1847163
0.0915806
0.1270565
0.07034874
0.6316992
0.1454878
0.1212711
0.2670606
0.08643881
0.2673899
1.167283
0.1562718
0.4415081
0.2959018
0.1984407
0.1999405
0.06985146
0.2535173
0.06620291
0.1617599
0.1333526
0.06646192
0.07905063
0.4586888
0.1495818
0.2362402
0.797143
0.05924336
0.07417576
0.07360445
0.1194859
0.3118503
0.3906788
0.07779547
0.08978478
0.1126791
0.07296665
0.08101339
0.07379488
0.1727473
0.2551074
0.106099
0.06690841
0.07102286
0.3179484
0.09926828
0.04499318
0.2122949
0.2673037
0.2615089
0.07403765
0.0714363
0.1880296
0.0343757
0.144272
0.07335056
0.1333083
0.07868926
0.1809701
0.06068107
0.0751093
0.08660045
0.2737966
0.1003826
0.1285177
0.0485815
0.06372214
0.7184352
0.05752912
0.0488884
0.0610276
0.06421919
0.1552599
0.1330106
0.2019763
0.182137
0.1771835
0.1270255
0.06510726
0.05721528
0.0970192
0.05913641
0.08561922
0.1185595
0.1798784
0.2305275
0.1903432
0.1449078
0.09915732
0.3854853
0.09762643
0.1084585
0.06360989
0.08513428
0.1598805
0.2614629
0.1770832
0.08401178
0.1333235
0.1086863
0.06620725
0.2076438
0.2157416
0.2268782
0.04669151
0.08263245
0.1463314
0.08195907
0.09689162
0.3207869
0.1250233
0.0819812
0.4577587
0.1127768
0.09408719
0.2612487
0.1523179
0.03610687
0.2926625
0.08180704
0.1300734
0.09633837
0.1534883
0.3043218
0.1377139
0.303986
0.1075866
0.1670081
0.3655962
0.07101311
0.06253928
0.3511672
0.1950566
0.1008734
0.1099068
0.07226896
0.05689072
0.1147496
0.1136772
0.17296
0.1596058
0.05877364
0.1590924
0.08110689
0.09951799
0.1582486
1.007369
0.07306128
0.1109496
0.2527587
0.1244888
0.1475363
0.14877
0.2555647
0.1466301
0.1319565
0.2357541
0.2996757
0.2269975
0.1195667
0.09733689
0.2719289
0.1172656
0.1299346
0.2262412
0.02915828
0.1438211
0.06269103
0.08078948
0.1316309
0.3790116
0.093705
0.08518153
0.1710649
0.1468322
0.07644144
0.05187745
0.05481219
0.08226911
0.9240944
0.4316982
0.3169276
0.1470403
0.08199597
0.1094165
0.2822943
0.1181585
0.1617677
0.0730749
0.2269458
0.07936232
0.08118506
0.3074327
0.2480725
0.09749873
0.2269529
0.07936004
0.05602076
0.05688506
0.1693134
0.1614142
0.1073366
0.06704046
0.1435947
0.07825806
0.1843386
0.07003704
0.1073408
0.1282307
0.05148998
0.209691
0.2846656
0.3401272
0.1546731
0.3700791
0.2019903
0.08486864
0.2012297
0.2988059
0.1313818
0.7677139
0.03066461
0.2418487
0.1533684
0.1192484
0.04775916
0.1549874
0.3568474
0.0992907
0.07795302
0.06948685
0.07180885
0.09216606
0.09365311
0.4880121
0.1727793
0.08216747
0.09289984
0.07860715
0.2219796
0.04563387
0.09576632
0.07524852
