0.2977842
0.4189774
0.9154757
0.1902309
0.427492
0.08189889
0.6414215
0.188266
0.2544181
0.08163064
0.4059398
0.2543993
0.22975
0.09441782
0.1998
0.1725623
0.2245606
0.4623045
0.128082
0.2226673
0.255922
0.3158793
0.2459036
0.2723474
0.2539404
0.1903218
0.1654461
0.2705837
0.1856081
0.1939964
0.2677079
0.3923327
0.2353176
0.202236
0.1756772
0.1406032
0.1515021
0.3585548
0.4077524
0.1617072
0.5990192
0.2840185
0.364172
0.1570351
0.2761297
0.5036796
0.299107
0.3395088
0.3981934
0.2872108
0.5020401
0.2970693
0.2172512
0.4067471
0.1291417
0.3417961
0.09930257
0.5079112
0.2530514
0.1250517
0.2407278
0.3416173
0.1561293
0.2246134
0.3009497
0.1509788
0.7836294
0.2515781
0.2136246
0.2363247
0.1307274
0.2442612
0.2127147
0.4872271
0.248252
0.2123691
0.145794
0.1544689
0.2370511
0.570998
0.3229797
0.4029055
0.2315694
0.4059243
0.1860273
0.3745056
0.344041
0.2882904
0.2514461
0.2586012
0.1368131
0.1789742
0.172375
0.5542662
0.1214657
0.1459109
0.1574531
0.1362973
0.1783452
0.7295183
0.1921756
0.2208982
0.239454
0.35101
0.1236641
0.2202778
0.5772544
0.1359831
0.3349634
0.1510008
0.2659015
0.1008833
0.1684109
0.2414862
0.1140257
0.2133382
0.2334028
0.2189337
0.2149227
0.3915871
0.1763207
0.2253901
0.1987783
0.2500938
0.2173988
0.1335419
0.2183715
0.3726067
0.1722392
0.1658198
0.2361305
0.2360805
0.2377041
0.2766431
0.1988717
0.1699622
0.0947405
0.3682613
0.1392758
0.134143
0.5076041
0.254551
0.2352464
0.5111896
0.1113349
0.281285
0.9430674
0.2318054
0.4399745
0.1696306
0.1242721
0.2930894
0.1900395
0.3412963
0.1290317
0.1180641
0.2762261
0.1721582
0.3982636
0.3353523
0.2847998
0.5259903
0.3011549
0.2357244
0.1023944
0.2179133
0.5344708
0.07252005
0.5201826
0.1147428
0.151383
0.4975103
0.6752181
0.2786135
0.2234792
0.2257323
0.348683
0.2284903
0.1826933
0.137794
0.539944
0.3878354
0.9783263
0.41323
0.2840986
0.5281102
0.2488912
0.134674
0.07569545
0.3409489
0.7693138
0.1822041
0.2032795
0.3694464
0.2520305
0.1430323
0.1898203
0.1340632
0.2113722
0.1470061
0.2060874
0.310453
0.5533649
0.2476611
0.2969695
0.3613957
0.206704
0.2167992
0.1144272
0.2065895
0.143416
0.2468842
0.4918655
0.1689039
0.0905275
0.3033336
0.09401394
0.4362259
0.1604651
0.5744122
0.1581261
0.339665
0.3726134
0.2039443
0.2466414
0.1290422
0.2444022
0.3009081
1.469234
0.1692891
0.2040822
0.1504367
0.1534598
0.5309942
0.1073031
0.1592083
0.4191135
0.07340528
0.1161123
0.6076169
0.1513237
0.3341574
0.1341912
0.1069675
0.2358954
0.5679031
0.1262944
0.530387
0.2780661
0.2285112
0.2007464
0.1757268
0.3732335
0.7270731
0.7057868
0.2986137
0.2997606
0.2176526
0.1819291
0.6439112
0.2570104
0.1907658
0.1005854
0.2019979
0.1320876
0.3854463
0.2642954
0.4203159
0.2489054
0.4722181
0.2976647
0.9443469
0.3773501
0.3289855
0.2430716
0.09841499
0.09457636
0.225876
0.2828983
0.3286508
0.398185
0.2230566
0.297012
0.5908934
0.1849574
0.06975361
0.3282085
0.3853976
0.1977819
0.2646639
0.2720602
0.4558504
0.1694657
0.1738225
0.3061211
0.1772266
0.2135295
0.1613192
0.1873936
0.3338297
