0.1910653
0.2623019
0.2239088
0.1629025
0.4003304
0.1635348
0.09950672
0.2736938
0.1902893
0.1094621
0.1535819
0.1192506
0.09535572
0.2021573
0.1925274
0.07508126
0.2424971
0.1977313
0.3768312
0.257871
0.1862465
0.2396537
0.4256859
0.06868536
0.1327041
0.3167095
0.1293774
0.1182096
0.3285268
0.1276838
0.1315176
0.1424073
0.2235294
0.0868772
0.1643933
0.1392186
0.2237044
0.3165629
0.2079597
0.2444944
0.2458668
0.1061279
0.1302625
0.410417
0.07853365
0.1002631
0.1819119
0.1610144
0.1729632
0.146053
0.2242644
0.2171548
0.1357713
0.4490027
0.2186165
0.1709165
0.1478756
0.1948376
0.1390675
0.1881974
0.5861331
0.1847155
0.07880109
0.308277
0.1226338
0.270181
0.1009672
0.09715068
0.2552278
0.1343103
0.3681701
0.1376809
0.152801
0.4096456
0.1307682
0.09980174
0.171895
0.193924
0.1183964
0.2709365
0.2584152
0.2080345
0.1846765
0.2161517
0.357475
0.1875673
0.7199628
0.1683882
0.1293439
0.1719906
0.3001388
0.2869434
0.3001947
0.1915503
0.2568647
0.7731289
0.2326377
0.2080378
0.1344201
0.3034186
0.1476572
0.1641316
0.1580476
0.1710256
0.05903927
0.6673462
0.1307057
0.1772031
0.1518471
0.2108451
0.06479961
0.2757652
0.08745799
0.1527877
0.1023396
0.497015
0.1899365
0.08775944
0.1927223
0.4395145
0.2792606
0.1400358
0.1771615
0.2008867
0.2856485
0.3010922
0.1930769
0.1271592
0.2227045
1.344942
0.2716707
0.2227077
0.2992418
0.2131766
0.1618428
0.220774
0.1846658
0.5363261
0.1320817
0.2885282
0.3148011
0.1821768
0.2225286
0.4511485
0.3700748
0.1600164
0.2354025
0.4682024
0.4205881
0.1333307
0.1878923
0.1851204
0.2792717
0.2324762
0.4234547
0.1280994
0.2614007
0.246123
0.07146052
0.1323607
0.09882595
0.1583855
0.2800681
0.08836597
0.09816063
0.2422265
0.08950342
0.5456706
0.369009
0.09722121
0.2710612
0.3482964
0.3773149
0.1974281
0.5387607
0.1994775
0.3519823
0.2488662
0.3120336
0.2983212
0.1629048
0.2153462
0.3661499
0.321375
0.128559
0.1117841
0.2726463
0.1212477
0.1281637
0.1543833
0.2045261
0.1791825
0.2026191
0.1263448
0.07995932
0.6832333
0.165952
0.1699901
0.2141463
0.2370175
0.1089299
0.1103478
0.07476101
0.1330482
0.1145671
0.2656972
0.1296386
0.230083
0.2036016
0.1911993
0.109788
0.1822942
0.1752406
0.06531895
0.1141387
0.1795259
0.07338338
0.2137431
0.1307061
0.9436024
0.04620607
0.3047479
0.07451292
0.4548699
0.322147
0.3904329
0.1603788
0.3066976
0.2893013
0.5213171
0.1186462
0.5470498
0.1980455
0.1545459
0.167257
0.1309344
0.09825456
0.2924897
0.1739211
0.1094887
0.1610467
0.1412117
0.4304472
0.08400465
0.09999408
0.3718483
0.9381678
0.06807327
0.4271097
0.1472219
0.1152254
0.2626243
0.1925678
0.1164281
0.2465071
0.4045516
0.09537515
0.4646302
0.1981043
0.1597543
0.1417044
0.1398739
0.24189
0.285756
0.202014
0.3858791
0.3837176
0.2248405
0.1130334
0.1903642
0.7617385
0.09753834
0.3731774
0.1511312
0.1322743
0.2141401
0.2387518
0.2143868
0.4066609
0.08102991
0.171501
0.1111868
0.1034627
0.2164611
0.1800839
0.2095741
0.1480197
0.183147
0.1668577
0.1593926
0.1732182
0.1437807
0.1337843
0.318727
0.2548919
0.2676008
0.4538434
0.07743766
0.4108537
0.3165997
