0.6261173
0.7546588
1.682008
0.1527449
1.420174
0.3386141
0.6645628
0.2005884
0.1463078
0.9970444
1.428271
0.1814675
0.8535514
0.3950979
1.16544
1.771741
1.577666
0.0572373
0.5597865
1.482704
0.216115
0.05147143
1.754559
4.752792
2.290224
0.9109581
2.381841
1.328644
1.994066
0.1569812
0.3425327
2.27566
2.578897
0.2100771
0.4611229
0.193151
1.353309
2.465146
0.9911959
1.071352
0.8334355
0.9770873
1.31452
0.9908356
0.1572984
0.703068
1.339455
1.823499
1.05857
1.141577
1.185982
2.642998
2.483672
1.948028
0.8622804
1.621931
0.328238
3.017061
2.052894
1.437968
0.458173
0.2427012
1.913591
0.5474762
0.1714597
1.873471
3.811261
1.094133
0.9166478
0.3802069
0.877329
2.754924
0.942202
2.265962
0.9578582
0.1261722
0.6635662
0.8998325
1.462926
1.031914
0.3061884
1.848182
0.5776453
0.3071666
1.016592
0.1317667
0.9825178
1.09167
0.5624334
1.166526
1.0725
1.975857
0.1930466
0.261228
0.1198959
0.7703304
0.5889651
0.4672886
0.6615177
0.1236189
1.437144
0.2972857
3.176821
0.3838146
0.1752706
1.751155
1.357246
2.180545
0.1705424
0.341623
0.131061
0.8912461
0.1796256
0.7605931
1.47036
3.217595
1.355327
0.3580136
0.8299113
0.3679846
1.835004
0.1086318
0.1258293
0.6389619
1.125161
0.7508134
0.09836307
0.4121447
0.4997596
1.572391
0.9874344
0.5172164
1.169592
0.3466846
1.104965
0.09885854
1.260711
0.3547883
1.482339
0.6878735
1.793693
0.07050548
0.939526
0.671149
2.545707
1.99397
0.3403202
1.385604
0.2107749
0.8784108
1.507301
1.674007
0.1366527
1.504147
0.13943
0.6926192
0.3204064
0.5289852
0.5466673
0.1958374
0.3778361
0.6143211
0.25036
0.2322346
0.05300797
1.793572
2.158496
2.832604
3.348281
0.7266828
1.496319
0.8179587
2.221795
0.7542059
1.837354
0.06393552
0.884347
0.2561886
2.258462
1.470327
0.152007
2.4015
3.851866
3.218817
2.32171
1.155389
0.6297335
2.089346
2.078203
3.655506
0.9654869
0.6236973
0.1798505
1.062251
2.508615
3.255689
1.4243
1.692079
0.3166221
0.5287465
3.844034
0.6051761
0.3134983
0.2336302
4.201321
0.3445168
0.3769162
0.04957939
0.1171695
1.859849
0.8358524
0.5520084
0.7393326
2.227888
1.098788
0.4097809
2.181356
2.016075
0.9792897
0.680175
2.117389
0.6080109
1.548261
0.6990057
0.6552124
0.2612788
0.570965
0.8311726
0.6310349
1.949619
0.2047839
2.402462
0.1087812
1.086411
0.2146165
1.0509
1.219497
0.5738046
0.06737945
0.5271509
4.190572
2.250791
2.347543
1.400419
1.981794
0.5537254
2.246937
0.326928
0.7587697
1.273283
0.6976014
1.7331
0.2842971
0.1313084
1.262862
2.067187
0.992913
0.444401
1.089989
1.833831
0.09184915
0.2858853
2.285547
4.135423
0.3221974
0.7497508
1.420267
0.8330208
1.908581
0.1260244
1.224531
1.465753
1.496053
4.363243
1.940517
3.311219
0.07098966
0.8481484
1.553992
2.07365
0.2745389
1.274641
1.223124
0.3691946
0.7357335
0.3767938
0.4052399
0.4437352
1.084545
2.55217
4.749863
0.6779088
0.1472596
1.055226
0.2697492
0.4864164
0.08713374
0.2632611
0.1379649
0.3985894
