0.03302424
0.03005345
0.02414909
0.03561049
0.08125833
0.09281424
0.08199926
0.04560494
0.06196996
0.0276595
0.03332129
0.2046682
0.1183534
0.03561755
0.06374866
0.06489473
0.03547073
0.02235482
0.4067716
0.270371
0.1275193
0.07332264
0.02741747
0.06102017
0.06983025
0.03335162
0.07196344
0.1889529
0.2311992
0.05785155
0.06978006
0.1123567
0.1023958
0.2164734
0.08542605
0.04328385
0.03751195
0.0547764
0.05216153
0.0625691
0.04700634
0.06649284
0.1428074
0.04586363
0.09802755
0.06405037
0.2355131
0.0772739
0.08785592
0.03534427
0.1035805
0.07317211
0.06131642
0.05321383
0.1662325
0.02210342
0.04941423
0.05095875
0.1327384
0.1109277
0.07243112
0.04498453
0.115697
0.1158723
0.06945075
0.07602853
0.1023874
0.170015
0.06383558
0.03440323
0.04192743
0.03199679
0.03536822
0.0573258
0.1175312
0.03164786
0.1131653
0.02518618
0.06916913
0.1279779
0.2871519
0.04603231
0.2946479
0.4248223
0.04754787
0.02095574
0.09238563
0.06117334
0.07984438
0.02073128
0.0683905
0.04157122
0.2629575
0.1000489
0.2075786
0.1174079
0.1016104
0.1090904
0.1172397
0.0874582
0.03657632
0.08353778
0.02636702
0.05830048
0.09373495
0.08590643
0.05435813
0.07978137
0.2031688
0.05574869
0.05057882
0.05877712
0.08011295
0.03445081
0.0958861
0.06253724
0.04714904
0.07389273
0.08221757
0.1252514
0.1171419
0.160345
0.04652164
0.06739942
0.07464992
0.0394322
0.06780958
0.06136124
0.2038349
0.0696613
0.0934125
0.04564132
0.05399276
0.06351487
0.1171171
0.05019335
0.02687858
0.05346948
0.09071172
0.1358719
0.1636298
0.05153247
0.2518997
0.04831498
0.1136408
0.1260295
0.06022155
0.04526837
0.05633891
0.1517851
0.05294797
0.05161534
0.1348088
0.4171984
0.04420341
0.05292594
0.04903228
0.08879648
0.06659367
0.05424879
0.07025816
0.04662025
0.06182898
0.0645412
0.2459585
0.06045839
0.0412727
0.04655787
0.08810625
0.06895775
0.05085815
0.04389947
0.03357183
0.07588462
1.140958
0.06382821
0.4052933
0.1311138
0.1593025
0.0829815
0.03990248
0.1571198
0.04898817
0.04275659
0.07286578
0.08439832
0.1728349
0.05382501
0.05964196
0.1038383
0.05720121
0.03213735
0.1130857
0.03672804
0.05936939
0.03784773
0.04130203
0.2272146
0.02550442
0.2645503
0.07725924
0.05747511
0.06890799
0.09153756
0.02723279
0.02085408
0.138551
0.02116656
0.1261657
0.2332379
0.04134195
0.06535569
0.04075796
0.1677269
0.05875486
0.1270195
0.06564354
0.06644992
0.05888674
0.04938247
0.06509407
0.04671787
0.04012461
0.0564155
0.07667048
0.05483851
0.05528498
0.1008417
0.06308654
0.03241448
0.08634406
0.09317583
0.04474998
0.1111245
0.1129513
0.2616118
0.04423516
0.1601519
0.02771636
0.07428208
0.08674623
0.04387475
0.06918372
0.08584864
0.06198634
0.08150631
0.05195998
0.1387244
0.2504024
0.03854926
0.04873258
0.1728483
0.03941421
0.04087153
0.09214155
0.04209304
0.05703583
0.06867454
0.02775169
0.08966544
0.1368524
0.1058367
0.02797549
0.04735078
0.7706436
0.2921465
0.08977911
0.03968736
0.3160208
0.08158131
0.08598242
0.08815444
0.04177496
0.07675441
0.05690497
0.07686982
0.1150226
0.03097471
0.03335339
0.05549108
0.1592704
0.05635559
0.0331544
0.04132181
0.1336488
0.1088144
0.09830103
0.2849564
0.026268
0.0480433
0.04379444
0.08419455
0.03482506
0.06289468
0.03041855
0.04747815
0.06130751
0.02632864
0.04182281
0.05018165
