0.1642967
0.1616987
0.09850087
0.1904942
0.08822986
0.1834722
0.187844
0.7070789
0.56173
0.1449146
0.1186978
0.1672069
0.3047647
0.1289318
0.1069755
0.1372118
0.2789508
0.06972042
0.1569353
0.1030305
0.1026023
0.2923525
0.115704
0.09856536
0.1429729
0.064619
0.08212525
0.2208399
0.1372095
0.1600011
0.08490075
0.1336744
0.1738659
0.4662836
0.1195495
0.1074726
0.08357026
0.07065978
0.1172194
0.1576026
0.1352855
0.07803415
0.1148994
0.1301347
0.1055779
0.0575043
0.08226269
0.1234042
0.1764924
0.1585089
0.2067742
0.07863779
0.3321751
0.07462408
0.03535377
0.1810994
0.3483693
0.3306275
0.3252251
0.1126433
0.1332922
0.2101297
0.1248358
0.03755217
0.1307066
0.2477027
0.09873015
0.07550761
0.05969952
0.1883842
0.1374987
0.1095224
0.06399161
0.1872223
0.23438
0.1017224
0.08520673
0.05328278
0.08007586
0.09198997
0.1924063
0.05609398
0.0971703
0.1166432
0.1589595
0.3654824
0.07655899
0.05266009
0.1167216
0.24916
0.1006808
0.1967341
0.1225299
0.6662964
0.0752231
0.369643
0.04765874
0.1140332
0.2494573
0.1931672
0.06208336
0.2235332
0.122282
0.05051006
0.1851785
0.4250971
0.05309683
0.03949423
0.169217
0.06851914
0.05474362
0.05004606
0.2943429
0.229206
0.109065
0.1985623
0.09703948
0.2236378
0.06213182
0.3054076
0.08246993
0.04728107
0.1085224
0.07482894
0.1057108
0.07665708
0.1760273
0.109074
0.3071699
0.05066215
0.1034633
0.1112043
0.1259854
0.1389296
0.2373246
0.08251951
0.2359945
0.1996026
0.1226637
0.0984617
0.1529204
0.8053213
0.1408792
0.05786234
0.07647255
0.06891351
0.07276709
0.3051504
0.08543246
0.07784564
0.08199934
0.04595139
0.1098771
0.07908587
0.1156505
0.1291654
0.1652633
0.1560488
0.1945492
0.1092471
0.1336113
0.1578172
0.04264875
0.04826372
0.1735605
0.2933797
0.110927
0.09681122
0.1473715
0.1253134
0.06240296
0.08354324
0.07186079
0.0659606
0.06738983
0.07912963
0.1087011
0.06856629
0.1155391
0.08691542
0.2700455
0.05617722
0.1063742
0.05655549
0.04743321
0.09792229
0.1808403
0.2965093
0.1115599
0.2094727
0.07315501
0.09797488
0.1085695
0.09844092
0.05355107
0.1635265
0.246034
0.09058937
0.2932348
0.254024
0.1216817
0.0915981
0.1158303
0.05399091
0.0577565
0.7955493
0.2116678
0.1736297
0.5138915
0.05637739
0.2769483
0.1493461
0.1485866
0.07122818
0.3056115
0.1543388
0.06395289
0.6019671
0.1049632
0.1122069
0.180775
0.04255135
0.2640908
0.09579101
0.04355106
0.08056943
0.1894091
0.3580487
0.1392039
0.09629638
0.2767768
0.1465324
0.0680207
0.1159191
0.07821929
0.1039744
0.229995
0.1063244
0.1365833
0.05196971
0.1651579
0.05736709
0.1020788
0.2322272
0.07052928
0.1827075
0.3322284
0.1576113
0.07944916
0.0498068
0.09247293
0.116494
0.2366701
0.1386852
0.06752694
0.1187022
0.2638844
0.09473166
0.2509411
0.1091681
0.1068015
0.1718972
0.1475403
0.09676658
0.07653469
0.1634408
0.1338054
0.03560157
0.1844246
0.4042132
0.1889371
0.09080585
0.05010591
0.1625509
0.09038668
0.09634275
0.4975988
0.06503555
0.09616507
0.2777629
0.1840317
0.1531525
0.05033616
0.2269689
0.1346407
0.06516457
0.1954085
0.04729306
0.07365278
0.08366917
0.08014288
0.1866705
0.3027228
0.3200603
0.4326877
0.0764319
0.1829045
0.3479506
0.209421
0.4216472
