0.1572911
0.1321553
0.09424096
0.1663061
0.04863634
0.1865354
0.06402471
0.08549993
0.3327539
0.0598022
0.2682174
0.627676
0.2099579
0.07768691
0.07060329
0.04339723
0.07431388
0.09190862
0.179475
0.1519891
0.378993
0.1855576
0.2580659
0.07741534
0.2194278
0.1503784
0.1200309
0.05015583
0.1163587
0.09338125
0.5157883
0.3837276
0.3148312
0.2012568
0.2796631
0.1682875
0.4012733
0.09320116
0.187409
0.05655199
0.180906
0.1275629
0.1272806
0.1353626
0.145805
0.4281404
0.06331161
0.06137705
0.07165098
0.281469
0.07379676
0.2097661
0.05342531
0.0840624
0.08903775
0.3380458
0.1117736
0.07859761
0.06078361
0.09393987
0.124034
0.03427317
0.07762871
0.6115763
0.2427091
0.08084681
0.04426424
0.0973708
0.06333575
0.9846938
0.06216601
0.1127484
0.08483396
0.08186847
0.105005
0.1141918
0.09621362
0.1257089
0.1677115
0.06333617
0.216727
0.09279711
0.174094
0.1225994
0.04302207
0.1096444
0.1274455
0.1895653
0.06350579
0.1013493
0.1693845
0.1337471
0.3144628
0.1144605
0.1725638
0.1580634
0.09866316
0.07601402
0.08113049
0.143841
0.2217058
0.1087866
0.1323548
0.06448972
0.1776198
0.1217293
0.07454524
0.03610958
0.2327303
0.5250258
0.5598129
0.08707822
0.2112465
0.2312604
0.0791896
0.04857479
0.09998291
0.2388258
0.2313516
0.05434745
0.08351625
0.5994253
0.1106973
0.1238555
0.1230264
0.07447007
0.07562215
0.0608175
0.08616505
0.101253
0.2050615
0.1532015
0.06310636
0.04104823
0.1780982
0.08906278
0.1905294
0.06831338
0.1421634
0.05317173
0.1025173
0.07181293
0.08620749
0.2080629
0.1105608
0.2220042
0.08273398
0.1247866
0.06349789
0.1435109
0.1345705
0.07199278
0.05145481
0.06737544
0.1550269
0.1473598
0.2752856
0.1900957
0.03206277
0.04856566
0.131001
0.1720098
0.1333913
0.3098437
0.08415676
0.04635357
0.1954591
0.3731876
0.2178333
0.1781932
0.1061745
0.119829
0.1101256
0.06750465
0.06609298
0.1600404
0.1030048
0.1217137
0.1083553
0.183427
0.07002003
0.3012025
0.1040225
0.526191
0.03289803
0.05243197
0.1470016
0.175293
0.1339372
0.04202113
0.1686945
0.08061317
0.08084917
0.08926801
0.07055591
0.09915944
0.06493093
0.08688229
0.07084142
0.1414787
0.3846216
0.1799761
0.141242
0.1124955
0.04533427
0.08122001
0.07337491
0.05712922
0.09282245
0.07818681
0.07733343
0.08032762
0.1958489
0.0883889
0.1693052
0.294452
0.1119646
0.281257
0.08266485
0.2281635
0.2362263
0.1359819
0.0998522
0.104937
0.1956317
0.2229148
0.1422365
0.1784115
0.2139122
0.1878621
0.2560827
0.1863478
0.26477
0.1142144
0.1332271
0.07576195
0.1104706
0.1162489
0.1611221
0.3538434
0.2369842
0.04767091
0.3785377
0.08548742
0.07624069
0.1338008
0.1597154
0.04850393
0.1113859
0.04555779
0.05468915
0.1035904
0.03386203
0.1888994
0.3038024
0.131536
0.3055714
0.08942698
0.04019538
0.1496173
0.06030248
0.7086082
0.2000555
0.1441626
0.1020859
0.05410963
0.03234436
0.1447198
0.1261478
0.1652426
0.1466317
0.05761527
0.188195
0.056486
0.1346445
0.0931775
0.1568878
0.08772376
0.2119686
0.1715084
0.1353129
0.04617703
0.1769848
0.05660158
0.1529908
0.09385722
0.04715218
0.2467292
0.1459324
0.1030535
0.06684497
0.03017455
0.1132658
0.1970338
0.2628779
0.08824535
0.1104996
0.1322476
0.4262593
0.2245692
