-0.05022007
0.03984702
-0.1383243
-0.02606142
0.1076691
-0.05489341
0.09057231
0.05835207
-0.02250005
0.05790433
-0.01456281
-0.04761883
-0.02757049
-0.01519286
0.006242647
-0.07513484
0.06649338
0.1347327
-0.03036048
0.02020331
0.06813286
-0.07834787
-0.1006938
-0.04494601
-0.04385293
-0.09291984
-0.06287509
-0.01434896
0.09607701
-0.05519674
-0.06824792
-0.03132407
-0.01723893
-0.07574161
-0.03165229
0.05923753
0.01349117
0.131518
-0.03441193
0.08563324
-0.1505966
-0.05482551
0.05336039
-0.1222997
-0.02853231
0.06090628
-0.05206648
0.02726145
0.04792064
0.02705955
-0.03226403
-0.00284455
-0.02869323
0.02521235
0.03355848
0.01634262
-0.03528781
0.01231049
0.05434006
0.03834382
0.09872918
0.233017
-0.03663734
0.07146848
-0.01067786
0.009092443
-0.1258228
0.09375463
-0.08099369
0.04521635
-0.0002456987
-0.005310489
0.07088884
0.09503045
0.0286792
-0.06343521
0.08899916
0.04158906
-0.05647011
0.03794762
0.01699282
-0.1348974
0.01636879
0.05627626
-0.03778724
-0.05788629
0.06391355
-0.04943754
0.1140365
-0.1223834
-0.04695627
-0.1598175
-0.1199756
-0.03564395
0.07696455
0.02081047
-0.01344852
0.02162401
0.05006642
-0.07087011
0.04053409
0.01899619
-0.05425865
-0.02410985
0.05725592
-0.1180224
0.04918181
-0.03676496
-0.04014414
0.08664351
0.1263893
-0.03592848
-0.1176741
-0.04051073
0.05060151
-0.04058725
0.04950675
0.1035936
0.07309431
-0.03412781
-0.01861831
0.0454669
-0.04465043
-0.04799565
0.01818966
0.07252313
-0.04404175
0.01268158
-0.01976583
-0.1041791
-0.0219891
0.05037661
-0.05235141
-0.01113038
-0.03879446
0.04127841
-0.08236493
-0.01766048
0.1431813
-0.07887624
-0.09442482
0.05646533
-0.00340335
-0.0584064
-0.09567852
0.04396814
-0.008576278
0.04968599
-0.06196474
-0.1278975
0.06979876
-0.07368936
-0.1317378
-0.03720296
0.08181319
-0.124607
-0.009715866
0.04044367
-0.03665551
0.07763074
-0.08990623
-0.005004603
0.09454192
-0.1149655
-0.0132807
0.06394068
0.03507487
-0.06013428
0.0521069
0.005171581
-0.1204515
0.003002067
-0.02651451
-0.03611833
0.03096487
0.09503698
0.2048102
-0.1740896
-0.08501308
0.09936209
-0.06830239
-0.04979853
-0.08069091
0.005293631
0.03177586
0.0179196
0.03749312
0.01505577
0.02002299
0.02969526
0.03383054
0.09006439
-0.04167381
-0.02987799
-0.003450128
0.07196047
0.08837761
-0.01324655
-0.002788796
0.0040326
-0.06608387
0.003169891
-0.02139145
0.0005365746
-0.07763099
-0.07409431
-0.0967927
0.08332246
-0.1396708
0.01603976
-0.07137703
0.1114345
-0.1104013
0.03842059
0.06156123
0.04188818
0.04706864
-0.09693468
-0.05562948
0.03100605
0.001329557
-0.08966425
0.09103094
-0.06790073
-0.06094441
0.01319816
0.1011591
-0.2945923
-0.003944981
0.1230248
0.02487794
-0.08143139
-0.2401657
0.009006385
-0.01362454
0.03819482
0.02033485
-0.04182188
-0.05195572
0.04631445
-0.006666689
-0.02026632
0.05370408
-0.05965612
-0.09346034
0.1193679
0.04452189
0.06680051
-0.05838953
0.07531641
0.03582642
0.1071667
0.06319733
-0.113884
0.0009091657
0.1032642
0.03661642
0.140318
-0.1414269
0.07544957
-0.03107919
0.07816438
0.0229196
-0.07502232
0.1496268
-0.05196437
0.05545235
-0.09230386
0.005920195
-0.1026487
0.08065492
0.0450804
0.006625879
0.09569685
-0.04290922
0.03409244
-0.04553535
-0.1998895
0.0289543
0.04610068
-0.009882636
0.04822274
0.08293732
0.002303985
0.01757623
0.03047537
0.05391088
0.07469593
-0.1117718
-0.03663609
0.06915538
0.08214322
-0.006975244
0.06582673
0.007365803
0.02035266
0.03629394
0.1507991
-0.01178327
0.05846856
