0.2516909
0.4171241
0.3119565
0.2230147
0.2007712
0.2808107
0.1943786
0.2058021
0.2659816
0.3584792
0.3140818
0.2193723
0.1913221
0.1938513
0.2236234
0.246226
0.1580139
0.3617024
0.4630293
0.4066937
0.3147837
0.2743681
0.2784105
0.2170108
0.1483147
0.3517843
0.268546
0.2223387
0.1613248
0.2131421
0.2673017
0.1763471
0.313652
0.1765743
0.3039633
0.1926329
0.2145269
0.2591192
0.5316655
0.2078944
0.2548422
0.2109574
0.3213301
0.3261174
0.2554201
0.2540761
0.3258517
0.1986756
0.2833994
0.2343308
0.243334
0.2611188
0.2324283
0.148936
0.3526654
0.262171
0.2436442
0.4034288
0.148359
0.2602539
0.2184997
0.3133427
0.3651495
0.4616115
0.2337306
0.1436289
0.2339928
0.3468561
0.4619789
0.3301795
0.217117
0.235302
0.3041356
0.1971243
0.2887068
0.2156769
0.2895504
0.1875834
0.1904983
0.1888027
0.3376319
0.2499887
0.1992195
0.2515481
0.241129
0.1513391
0.2129794
0.245044
0.2010723
0.2564173
0.3807203
0.2495727
0.2941481
0.3011217
0.2725707
0.4936828
0.3184953
0.2419469
0.2644228
0.2484045
0.1946762
0.270601
0.2365744
0.2646419
0.2054949
0.3023599
0.2106206
0.4390304
0.2558072
0.3634959
0.3504181
0.2162216
0.3094688
0.2966516
0.4972269
0.2369777
0.2123938
0.3400138
0.2843545
0.2207949
0.263352
0.2296633
0.2889031
0.1797232
0.1895729
0.2609098
0.2072792
0.4480607
0.1972497
0.2338219
0.1841374
0.2794132
0.1862699
0.2701299
0.2766861
0.3684358
0.1975404
0.2918608
0.3113468
0.2525561
0.303197
0.2587516
0.2594394
0.1733586
0.3051446
0.2330771
0.2285573
0.2774822
0.3297101
0.3076084
0.2969426
0.3977838
0.4254502
0.2269091
0.2349612
0.3266442
0.2124345
0.2800129
0.2604115
0.3191056
0.2196082
0.3392783
0.3745002
0.2399032
0.3516851
0.1722155
0.1654371
0.3639362
0.226215
0.2806716
0.3531525
0.3473918
0.2210556
0.2242648
0.2623097
0.3113153
0.2913348
0.2218981
0.2316804
0.1876143
0.335734
0.1847201
0.2664772
0.2001452
0.2302718
0.1772717
0.2062412
0.2622333
0.2632985
0.2935363
0.2160728
0.3042072
0.2638718
0.3458101
0.2055619
0.3349951
0.2227778
0.2794673
0.2542768
0.2325062
0.3044621
0.1479717
0.2789074
0.1875053
0.3922476
0.2542825
0.3948148
0.2002633
0.3314715
0.2147321
0.5000312
0.3084982
0.2954277
0.2217255
0.3876834
0.2851673
0.3335212
0.2659271
0.2405273
0.2448152
0.3026583
0.1240304
0.2970193
0.3067227
0.2910839
0.4782461
0.3646465
0.2986971
0.2579795
0.2724363
0.2778597
0.3360933
0.4566305
0.2085905
0.3029587
0.3090143
0.1905595
0.2167845
0.3433069
0.1909343
0.2399583
0.2475415
0.2944096
0.3248981
0.3322882
0.165419
0.2920032
0.162441
0.4206073
0.1822951
0.3180395
0.1611163
0.3609924
0.2707679
0.2011051
0.4055305
0.2438268
0.2151891
0.3714811
0.1640929
0.2025992
0.2854222
0.323861
0.6764302
0.4994902
0.3585808
0.2374985
0.210854
0.2956865
0.2054498
0.2582499
0.2650245
0.2774305
0.2545707
0.2815912
0.3945497
0.4224906
0.2065266
0.4998891
0.2287659
0.2274855
0.2415063
0.2483508
0.2201842
0.1654032
0.2729904
0.2714483
0.2773403
0.2559609
0.2059836
0.2590505
0.2491425
0.3209874
0.2651505
0.2558842
0.1969091
0.3277667
0.2927914
0.2298906
0.2159503
